                        
                        
                        
                        
           [38;2;252;211;222m[48;2;249;198;212m▀[0m[38;2;217;87;127m[48;2;217;87;127m▀[0m           
        [38;2;252;211;222m[48;2;217;87;127m▀[0m[38;2;251;210;221m[48;2;250;202;215m▀[0m[38;2;217;87;127m[48;2;244;178;196m▀[0m[38;2;243;172;192m[48;2;208;81;121m▀[0m[38;2;217;87;127m[48;2;208;81;121m▀[0m[38;2;240;161;184m[48;2;239;154;178m▀[0m[38;2;246;186;202m[48;2;244;178;196m▀[0m[38;2;217;87;127m[48;2;217;87;127m▀[0m        
         [38;2;217;87;127m[48;2;246;187;203m▀[0m[38;2;217;87;127m[48;2;243;172;192m▀[0m[38;2;200;75;116m[48;2;217;87;127m▀[0m[38;2;200;75;116m[48;2;236;142;169m▀[0m[38;2;217;87;127m[48;2;239;157;181m▀[0m[38;2;217;87;127m[48;2;217;87;127m▀[0m         
         [38;2;217;87;127m▀[0m[38;2;247;193;208m[48;2;217;87;127m▀[0m[38;2;217;87;127m▀[0m[38;2;217;87;127m▀[0m[38;2;244;178;196m[48;2;217;87;127m▀[0m[38;2;217;87;127m▀[0m         
                        
                        
                        
                        
