                        
                        
          [38;2;217;87;127m▄[0m  [38;2;217;87;127m▄[0m          
          [38;2;253;230;238m[48;2;253;230;238m▀[0m[38;2;253;230;238m[48;2;247;190;206m▀[0m[38;2;253;230;238m[48;2;247;190;206m▀[0m[38;2;217;87;127m[48;2;217;87;127m▀[0m          
      [38;2;253;230;238m[48;2;253;230;238m▀[0m[38;2;253;230;238m[48;2;249;199;213m▀[0m[38;2;217;87;127m[48;2;246;186;203m▀[0m[38;2;217;87;127m[48;2;253;230;238m▀[0m[38;2;244;176;195m[48;2;217;87;127m▀[0m[38;2;247;217;138m[48;2;241;163;185m▀[0m[38;2;244;176;195m[48;2;241;163;185m▀[0m[38;2;244;176;195m[48;2;247;217;138m▀[0m[38;2;217;87;127m[48;2;253;230;238m▀[0m[38;2;253;230;238m[48;2;243;173;193m▀[0m[38;2;253;230;238m[48;2;246;186;203m▀[0m[38;2;217;87;127m[48;2;217;87;127m▀[0m      
     [38;2;217;87;127m▄[0m[38;2;253;230;238m[48;2;250;204;216m▀[0m[38;2;248;195;210m[48;2;247;191;206m▀[0m[38;2;245;182;200m[48;2;244;178;197m▀[0m[38;2;247;217;138m[48;2;241;165;187m▀[0m[38;2;239;156;180m[48;2;238;152;177m▀[0m[38;2;217;87;127m[48;2;208;81;121m▀[0m[38;2;253;230;238m[48;2;208;81;121m▀[0m[38;2;236;143;170m[48;2;235;139;167m▀[0m[38;2;239;156;180m[48;2;238;152;177m▀[0m[38;2;242;169;190m[48;2;241;165;187m▀[0m[38;2;245;182;200m[48;2;244;178;197m▀[0m[38;2;217;87;127m[48;2;247;191;206m▀[0m[38;2;217;87;127m▄[0m     
      [38;2;217;87;127m▀[0m[38;2;217;87;127m▀[0m[38;2;217;87;127m[48;2;253;230;238m▀[0m[38;2;217;87;127m[48;2;247;217;138m▀[0m[38;2;217;87;127m[48;2;238;149;174m▀[0m[38;2;200;75;116m[48;2;236;141;168m▀[0m[38;2;200;75;116m[48;2;217;87;127m▀[0m[38;2;253;230;238m[48;2;236;141;168m▀[0m[38;2;217;87;127m[48;2;238;149;174m▀[0m[38;2;247;217;138m[48;2;217;87;127m▀[0m[38;2;217;87;127m▀[0m[38;2;217;87;127m▀[0m      
       [38;2;253;230;238m[48;2;253;230;238m▀[0m[38;2;244;176;195m[48;2;246;187;203m▀[0m[38;2;242;168;189m[48;2;244;179;197m▀[0m[38;2;240;160;183m[48;2;243;171;191m▀[0m[38;2;238;152;177m[48;2;247;217;138m▀[0m[38;2;217;87;127m[48;2;253;230;238m▀[0m[38;2;247;217;138m[48;2;241;163;185m▀[0m[38;2;240;160;183m[48;2;243;171;191m▀[0m[38;2;242;168;189m[48;2;244;179;197m▀[0m[38;2;217;87;127m[48;2;217;87;127m▀[0m       
       [38;2;217;87;127m▀[0m[38;2;217;87;127m▀[0m[38;2;247;190;206m[48;2;217;87;127m▀[0m[38;2;245;182;200m[48;2;217;87;127m▀[0m[38;2;217;87;127m▀[0m[38;2;217;87;127m▀[0m[38;2;243;174;194m[48;2;217;87;127m▀[0m[38;2;245;182;200m[48;2;217;87;127m▀[0m[38;2;217;87;127m▀[0m[38;2;217;87;127m▀[0m       
                        
                        
                        
