          [38;2;217;87;127m▄[0m  [38;2;217;87;127m▄[0m          
         [38;2;253;230;238m[48;2;253;230;238m▀[0m[38;2;251;210;221m[48;2;249;202;215m▀[0m[38;2;253;230;238m[48;2;249;202;215m▀[0m[38;2;253;230;238m[48;2;249;202;215m▀[0m[38;2;251;210;221m[48;2;249;202;215m▀[0m[38;2;217;87;127m[48;2;217;87;127m▀[0m         
        [38;2;253;230;238m[48;2;253;230;238m▀[0m[38;2;247;193;208m[48;2;245;184;201m▀[0m[38;2;247;193;208m[48;2;245;184;201m▀[0m[38;2;247;193;208m[48;2;245;184;201m▀[0m[38;2;247;193;208m[48;2;245;184;201m▀[0m[38;2;247;193;208m[48;2;245;184;201m▀[0m[38;2;247;193;208m[48;2;245;184;201m▀[0m[38;2;217;87;127m[48;2;217;87;127m▀[0m        
  [38;2;253;230;238m▄[0m[38;2;253;230;238m[48;2;252;211;222m▀[0m[38;2;253;230;238m[48;2;250;203;216m▀[0m[38;2;253;230;238m[48;2;248;195;209m▀[0m[38;2;217;87;127m[48;2;246;186;203m▀[0m[38;2;253;230;238m▄[0m[38;2;253;230;238m[48;2;217;87;127m▀[0m[38;2;243;175;194m[48;2;241;166;187m▀[0m[38;2;243;175;194m[48;2;241;166;187m▀[0m[38;2;243;175;194m[48;2;241;166;187m▀[0m[38;2;243;175;194m[48;2;241;166;187m▀[0m[38;2;243;175;194m[48;2;241;166;187m▀[0m[38;2;243;175;194m[48;2;241;166;187m▀[0m[38;2;217;87;127m[48;2;253;230;238m▀[0m[38;2;253;230;238m▄[0m[38;2;253;230;238m[48;2;244;178;196m▀[0m[38;2;253;230;238m[48;2;246;186;203m▀[0m[38;2;253;230;238m[48;2;248;195;209m▀[0m[38;2;217;87;127m[48;2;250;203;216m▀[0m[38;2;217;87;127m▄[0m  
  [38;2;253;230;238m[48;2;253;230;238m▀[0m[38;2;251;209;220m[48;2;250;206;218m▀[0m[38;2;249;200;214m[48;2;249;197;212m▀[0m[38;2;247;192;207m[48;2;247;189;205m▀[0m[38;2;245;183;201m[48;2;245;181;199m▀[0m[38;2;243;175;194m[48;2;243;172;192m▀[0m[38;2;242;166;188m[48;2;241;164;186m▀[0m[38;2;253;230;238m[48;2;239;155;179m▀[0m[38;2;217;87;127m[48;2;217;87;127m▀[0m[38;2;247;217;138m[48;2;237;148;174m▀[0m[38;2;239;157;181m[48;2;237;148;174m▀[0m[38;2;253;230;238m[48;2;247;217;138m▀[0m[38;2;253;230;238m[48;2;237;147;173m▀[0m[38;2;240;158;181m[48;2;239;155;179m▀[0m[38;2;242;166;188m[48;2;241;164;186m▀[0m[38;2;243;175;194m[48;2;243;172;192m▀[0m[38;2;245;183;201m[48;2;245;181;199m▀[0m[38;2;247;192;207m[48;2;247;189;205m▀[0m[38;2;249;200;214m[48;2;249;197;212m▀[0m[38;2;217;87;127m[48;2;217;87;127m▀[0m  
 [38;2;217;87;127m▀[0m[38;2;252;211;222m[48;2;217;87;127m▀[0m[38;2;250;203;216m[48;2;249;200;214m▀[0m[38;2;248;195;209m[48;2;247;192;207m▀[0m[38;2;246;186;203m[48;2;245;184;201m▀[0m[38;2;244;178;197m[48;2;244;175;194m▀[0m[38;2;242;169;190m[48;2;242;167;188m▀[0m[38;2;240;161;184m[48;2;240;158;181m▀[0m[38;2;247;217;138m[48;2;238;150;175m▀[0m[38;2;216;86;126m[48;2;208;81;121m▀[0m[38;2;216;86;126m[48;2;208;81;121m▀[0m[38;2;216;86;126m[48;2;208;81;121m▀[0m[38;2;216;86;126m[48;2;208;81;121m▀[0m[38;2;237;144;171m[48;2;236;141;169m▀[0m[38;2;238;152;177m[48;2;238;150;175m▀[0m[38;2;240;161;184m[48;2;240;158;181m▀[0m[38;2;242;169;190m[48;2;242;167;188m▀[0m[38;2;244;178;197m[48;2;244;175;194m▀[0m[38;2;246;186;203m[48;2;245;184;201m▀[0m[38;2;248;195;209m[48;2;247;192;207m▀[0m[38;2;250;203;216m[48;2;217;87;127m▀[0m[38;2;217;87;127m▀[0m 
   [38;2;217;87;127m▀[0m[38;2;217;87;127m▀[0m[38;2;245;181;199m[48;2;217;87;127m▀[0m[38;2;243;172;192m[48;2;217;87;127m▀[0m[38;2;241;164;186m[48;2;217;87;127m▀[0m[38;2;239;155;179m[48;2;217;87;127m▀[0m[38;2;237;147;173m[48;2;247;217;138m▀[0m[38;2;200;75;116m[48;2;192;69;111m▀[0m[38;2;200;75;116m[48;2;192;69;111m▀[0m[38;2;200;75;116m[48;2;192;69;111m▀[0m[38;2;200;75;116m[48;2;192;69;111m▀[0m[38;2;253;230;238m[48;2;235;139;167m▀[0m[38;2;247;217;138m[48;2;237;144;171m▀[0m[38;2;239;155;179m[48;2;217;87;127m▀[0m[38;2;241;164;186m[48;2;217;87;127m▀[0m[38;2;243;172;192m[48;2;217;87;127m▀[0m[38;2;217;87;127m▀[0m[38;2;217;87;127m▀[0m   
     [38;2;253;230;238m▄[0m[38;2;253;230;238m[48;2;243;174;194m▀[0m[38;2;241;162;184m[48;2;242;169;190m▀[0m[38;2;239;157;180m[48;2;241;164;186m▀[0m[38;2;238;152;176m[48;2;240;159;182m▀[0m[38;2;237;146;172m[48;2;239;154;178m▀[0m[38;2;236;141;168m[48;2;247;217;138m▀[0m[38;2;217;87;127m[48;2;217;87;127m▀[0m[38;2;247;217;138m[48;2;238;148;174m▀[0m[38;2;237;146;172m[48;2;239;154;178m▀[0m[38;2;238;152;176m[48;2;240;159;182m▀[0m[38;2;239;157;180m[48;2;241;164;186m▀[0m[38;2;217;87;127m[48;2;242;169;190m▀[0m[38;2;217;87;127m▄[0m     
    [38;2;253;230;238m[48;2;253;230;238m▀[0m[38;2;246;187;203m[48;2;248;194;209m▀[0m[38;2;245;182;199m[48;2;247;189;205m▀[0m[38;2;244;176;195m[48;2;245;184;201m▀[0m[38;2;243;171;191m[48;2;244;178;197m▀[0m[38;2;241;166;187m[48;2;243;173;193m▀[0m[38;2;240;161;183m[48;2;242;168;189m▀[0m[38;2;239;156;180m[48;2;217;87;127m▀[0m[38;2;217;87;127m[48;2;253;230;238m▀[0m[38;2;239;156;180m[48;2;241;163;185m▀[0m[38;2;240;161;183m[48;2;242;168;189m▀[0m[38;2;241;166;187m[48;2;243;173;193m▀[0m[38;2;243;171;191m[48;2;244;178;197m▀[0m[38;2;244;176;195m[48;2;245;184;201m▀[0m[38;2;245;182;199m[48;2;247;189;205m▀[0m[38;2;217;87;127m[48;2;217;87;127m▀[0m    
    [38;2;253;230;238m[48;2;217;87;127m▀[0m[38;2;249;201;214m[48;2;217;87;127m▀[0m[38;2;248;196;210m[48;2;250;203;216m▀[0m[38;2;247;191;206m[48;2;249;198;212m▀[0m[38;2;246;186;202m[48;2;248;193;208m▀[0m[38;2;245;180;198m[48;2;246;188;204m▀[0m[38;2;244;175;195m[48;2;217;87;127m▀[0m[38;2;217;87;127m▀[0m[38;2;217;87;127m▀[0m[38;2;242;170;191m[48;2;217;87;127m▀[0m[38;2;244;175;195m[48;2;245;182;200m▀[0m[38;2;245;180;198m[48;2;246;188;204m▀[0m[38;2;246;186;202m[48;2;248;193;208m▀[0m[38;2;247;191;206m[48;2;249;198;212m▀[0m[38;2;248;196;210m[48;2;217;87;127m▀[0m[38;2;217;87;127m[48;2;217;87;127m▀[0m    
      [38;2;217;87;127m▀[0m[38;2;250;205;217m[48;2;217;87;127m▀[0m[38;2;217;87;127m▀[0m[38;2;217;87;127m▀[0m    [38;2;217;87;127m▀[0m[38;2;217;87;127m▀[0m[38;2;249;200;213m[48;2;217;87;127m▀[0m[38;2;217;87;127m▀[0m      
                        
